0 30.000000 68.000000 0 
1 29.400000 62.000000 0 
2 28.812000 48.000000 0 
3 28.235760 42.000000 0 
4 27.671045 40.000000 0 
5 27.117624 40.000000 1 
6 26.575272 40.000000 0 
7 26.043766 40.000000 0 
8 25.522890 40.000000 1 
9 25.012432 40.000000 1 
10 24.512184 40.000000 1 
11 24.021940 40.000000 0 
12 23.541502 40.000000 0 
13 23.070671 40.000000 1 
14 22.609257 40.000000 0 
15 22.157072 40.000000 0 
16 21.713930 40.000000 0 
17 21.279652 40.000000 0 
18 20.854059 40.000000 0 
19 20.436977 40.000000 0 
20 20.028238 40.000000 1 
21 19.627674 36.000000 0 
22 19.235121 36.000000 0 
23 18.850418 32.000000 0 
24 18.473410 32.000000 1 
25 18.103941 32.000000 0 
26 17.741861 32.000000 0 
27 17.387024 32.000000 0 
28 17.039284 32.000000 1 
29 16.698498 32.000000 0 
30 16.364529 32.000000 1 
31 16.037237 32.000000 0 
32 15.716493 32.000000 0 
33 15.402163 32.000000 0 
34 15.094119 32.000000 1 
35 14.792236 32.000000 1 
36 14.496391 32.000000 1 
37 14.206464 32.000000 0 
38 13.922335 32.000000 0 
39 13.643888 32.000000 1 
40 13.371010 32.000000 1 
41 13.103590 32.000000 0 
42 12.841518 32.000000 1 
43 12.584688 32.000000 0 
44 12.332994 32.000000 1 
45 12.086334 32.000000 0 
46 11.844607 32.000000 0 
47 11.607716 32.000000 0 
48 11.375562 32.000000 0 
49 11.148050 30.000000 0 
50 10.925089 30.000000 1 
51 10.706587 30.000000 0 
52 10.492455 30.000000 1 
53 10.282606 30.000000 1 
54 10.076954 30.000000 0 
55 9.875415 30.000000 0 
56 9.677907 30.000000 0 
57 9.484349 30.000000 0 
58 9.294662 30.000000 1 
59 9.108769 30.000000 0 
60 8.926594 30.000000 1 
61 8.748062 30.000000 1 
62 8.573101 30.000000 0 
63 8.401639 30.000000 0 
64 8.233606 30.000000 0 
65 8.068934 30.000000 1 
66 7.907556 30.000000 1 
67 7.749404 30.000000 1 
68 7.594416 30.000000 1 
69 7.442528 30.000000 1 
70 7.293677 30.000000 1 
71 7.147804 30.000000 0 
72 7.004848 30.000000 0 
73 6.864750 30.000000 0 
74 6.727455 30.000000 1 
75 6.592906 30.000000 1 
76 6.461048 30.000000 0 
77 6.331827 30.000000 1 
78 6.205190 30.000000 0 
79 6.081086 30.000000 1 
80 5.959465 30.000000 0 
81 5.840275 30.000000 0 
82 5.723470 30.000000 0 
83 5.609000 30.000000 0 
84 5.496820 30.000000 0 
85 5.386884 30.000000 1 
86 5.279146 30.000000 0 
87 5.173563 30.000000 1 
88 5.070092 30.000000 0 
89 4.968690 30.000000 0 
90 4.869317 30.000000 0 
91 4.771930 30.000000 1 
92 4.676492 30.000000 1 
93 4.582962 30.000000 1 
94 4.491303 30.000000 0 
95 4.401477 30.000000 0 
96 4.313447 30.000000 0 
97 4.227179 30.000000 0 
98 4.142635 30.000000 1 
99 4.059782 30.000000 0 
100 3.978586 30.000000 0 
101 3.899015 30.000000 0 
102 3.821034 30.000000 0 
103 3.744614 30.000000 0 
104 3.669721 30.000000 1 
105 3.596327 30.000000 0 
106 3.524400 30.000000 1 
107 3.453912 28.000000 0 
108 3.384834 24.000000 0 
109 3.317137 24.000000 1 
110 3.250795 24.000000 1 
111 3.185779 24.000000 0 
112 3.122063 24.000000 0 
113 3.059622 24.000000 0 
114 2.998429 24.000000 1 
115 2.938461 24.000000 1 
116 2.879692 24.000000 0 
117 2.822098 24.000000 1 
118 2.765656 24.000000 0 
119 2.710343 24.000000 0 
120 2.656136 24.000000 0 
121 2.603013 24.000000 0 
122 2.550953 24.000000 0 
123 2.499934 24.000000 1 
124 2.449935 24.000000 1 
125 2.400936 24.000000 0 
126 2.352918 24.000000 0 
127 2.305859 24.000000 0 
128 2.259742 24.000000 1 
129 2.214547 24.000000 0 
130 2.170256 24.000000 0 
131 2.126851 24.000000 1 
132 2.084314 24.000000 0 
133 2.042628 24.000000 0 
134 2.001776 24.000000 0 
135 1.961740 24.000000 0 
136 1.922505 24.000000 1 
137 1.884055 24.000000 0 
138 1.846374 24.000000 1 
139 1.809447 24.000000 0 
140 1.773258 24.000000 0 
141 1.737792 24.000000 1 
142 1.703037 24.000000 1 
143 1.668976 24.000000 0 
144 1.635596 24.000000 1 
145 1.602884 24.000000 0 
146 1.570827 24.000000 1 
147 1.539410 24.000000 1 
148 1.508622 24.000000 0 
149 1.478450 24.000000 1 
150 1.448881 24.000000 0 
151 1.419903 24.000000 1 
152 1.391505 24.000000 0 
153 1.363675 24.000000 1 
154 1.336401 24.000000 1 
155 1.309673 24.000000 0 
156 1.283480 24.000000 1 
157 1.257810 24.000000 1 
158 1.232654 24.000000 0 
159 1.208001 24.000000 1 
160 1.183841 24.000000 0 
161 1.160164 24.000000 1 
162 1.136961 24.000000 0 
163 1.114221 24.000000 0 
164 1.091937 24.000000 1 
165 1.070098 24.000000 0 
166 1.048696 24.000000 1 
167 1.027722 24.000000 0 
168 1.007168 24.000000 0 
169 0.987025 24.000000 0 
170 0.967284 24.000000 0 
171 0.947938 24.000000 1 
172 0.928980 24.000000 0 
173 0.910400 24.000000 1 
174 0.892192 24.000000 0 
175 0.874348 24.000000 0 
176 0.856861 24.000000 0 
177 0.839724 24.000000 0 
178 0.822929 24.000000 0 
179 0.806471 24.000000 1 
180 0.790341 24.000000 0 
181 0.774535 24.000000 0 
182 0.759044 24.000000 1 
183 0.743863 24.000000 1 
184 0.728986 24.000000 0 
185 0.714406 24.000000 0 
186 0.700118 24.000000 0 
187 0.686116 24.000000 1 
188 0.672393 24.000000 1 
189 0.658945 24.000000 0 
190 0.645766 24.000000 0 
191 0.632851 24.000000 1 
192 0.620194 24.000000 0 
193 0.607790 24.000000 0 
194 0.595634 24.000000 1 
195 0.583722 24.000000 1 
196 0.572047 24.000000 0 
197 0.560606 24.000000 0 
198 0.549394 24.000000 0 
199 0.538406 24.000000 1 
200 0.527638 24.000000 0 
201 0.517085 24.000000 0 
202 0.506744 24.000000 0 
